 1:( 5.137061477E-01, 9.900406003E-01); 1.503746748E+00, 1.115380883E+00
 2:( 5.379610062E-01, 1.505465358E-01); 6.885075569E-01, 5.586289763E-01
 3:( 1.809594929E-01, 4.676067531E-01); 6.485662460E-01, 5.014004707E-01
 4:( 8.308759332E-01, 1.866674870E-01); 1.017543435E+00, 8.515865207E-01
 5:( 8.009717464E-01, 5.208919048E-01); 1.321863651E+00, 9.554497004E-01
 6:( 6.778523922E-01, 3.193054497E-01); 9.971578121E-01, 7.492929101E-01
 7:( 4.288576543E-01, 8.396524787E-01); 1.268510103E+00, 9.428336024E-01
 8:( 2.326948792E-01, 1.270246506E-01); 3.597195148E-01, 2.651078403E-01
 9:( 9.805358052E-01, 5.298357010E-01); 1.510371447E+00, 1.114529610E+00
10:( 7.107059658E-02, 3.999074176E-02); 1.110613346E-01, 8.154930174E-02
11:( 5.695518851E-01, 2.246904075E-01); 7.942422628E-01, 6.122704744E-01
12:( 4.922597706E-01, 7.112410665E-02); 5.633838773E-01, 4.973714054E-01
13:( 6.863084435E-01, 3.773658276E-01); 1.063674212E+00, 7.832140326E-01
14:( 8.267945647E-01, 6.129571795E-01); 1.439751744E+00, 1.029225826E+00
15:( 9.855574369E-01, 9.446349740E-02); 1.080020905E+00, 9.900741577E-01
IHAMAX= 9
IHMAX2= 1

 1:( 9.554185271E-01, 6.816267967E-03); 9.622347951E-01, 9.554428458E-01
 2:( 6.255266666E-01, 6.184579730E-01); 1.243984699E+00, 8.796441555E-01
 3:( 8.342080712E-01, 6.173270345E-01); 1.451535106E+00, 1.037784100E+00
 4:( 8.619236946E-01, 3.632348776E-01); 1.225158572E+00, 9.353352785E-01
 5:( 8.330802321E-01, 6.825392842E-01); 1.515619516E+00, 1.076978445E+00
 6:( 9.219242930E-01, 8.075667620E-01); 1.729490995E+00, 1.225605369E+00
 7:( 5.762100220E-01, 8.436569571E-01); 1.419867039E+00, 1.021653056E+00
 8:( 2.806409597E-01, 3.546565175E-01); 6.352974772E-01, 4.522616565E-01
 9:( 5.300552249E-01, 7.657002211E-01); 1.295755386E+00, 9.312654734E-01
10:( 1.916497350E-01, 4.449588656E-01); 6.366086006E-01, 4.844770432E-01
11:( 9.819834232E-01, 7.346991897E-01); 1.716682673E+00, 1.226407051E+00
12:( 8.137649298E-02, 4.016917944E-02); 1.215456724E-01, 9.075073898E-02
13:( 9.864081144E-01, 5.705907941E-01); 1.556998968E+00, 1.139550328E+00
14:( 3.910129666E-01, 4.407764077E-01); 8.317893744E-01, 5.892155766E-01
15:( 8.867781758E-01, 1.133546233E-01); 1.000132799E+00, 8.939937353E-01
IHAMAX= 6
IHMAX2=11
