 1:( 2.476347892E-01, 8.803738902E-01); 1.128008679E+00, 9.145387774E-01
 2:( 8.402022485E-01, 2.203028109E-01); 1.060505059E+00, 8.686041370E-01
 3:( 7.389012375E-01, 2.604717081E-01); 9.993729455E-01, 7.834670060E-01
 4:( 1.464971043E-01, 8.924025373E-01); 1.038899642E+00, 9.043471071E-01
 5:( 8.803340779E-01, 4.818571451E-02); 9.285197925E-01, 8.816518314E-01
 6:( 2.731492748E-01, 9.668475122E-01); 1.239996787E+00, 1.004691315E+00
 7:( 6.448280009E-03, 9.621636438E-01); 9.686119238E-01, 9.621852512E-01
 8:( 1.000853801E-01, 9.550726210E-01); 1.055158001E+00, 9.603024496E-01
 9:( 4.394934880E-01, 7.326016664E-01); 1.172095154E+00, 8.543182824E-01
10:( 5.241024240E-01, 5.612375284E-01); 1.085339952E+00, 7.679003283E-01
11:( 3.969955735E-01, 8.392592714E-01); 1.236254845E+00, 9.284188764E-01
12:( 8.459563152E-01, 3.971274173E-01); 1.243083733E+00, 9.345331845E-01
13:( 5.995706766E-01, 1.569055607E-02); 6.152612327E-01, 5.997759496E-01
14:( 3.207658951E-01, 1.136190077E-02); 3.321277958E-01, 3.209670578E-01
15:( 1.969512838E-01, 5.852689162E-01); 7.822202000E-01, 6.175188357E-01
IHAMAX=12
IHMAX2= 6
